As
n=35 g
1 2 3 4 5 6 7 8;
0 9 11;
0 10 12;
0 9 11;
0 10 12;
0 13 15;
0 14 16;
0 13 15;
0 14 16;
1 3 17 18 19 20;
2 4 17 18 19 20;
1 3 21 22 23 24;
2 4 21 22 23 24;
5 7 17 18 19 20;
6 8 17 18 19 20;
5 7 21 22 23 24;
6 8 21 22 23 24;
9 10 13 14 25 27;
9 10 13 14 26 28;
9 10 13 14 29 31;
9 10 13 14 30 32;
11 12 15 16 25 27; 
11 12 15 16 26 28;
11 12 15 16 29 31;
11 12 15 16 30 32; 
17 21 33;
18 22 34;
17 21 33;
18 22 34;
19 23 33;
20 24 34;
19 23 33;
20 24 34;
25 27 29 31;
26 28 30 32;
f = [0|1:8|9:16|17:24|25:32|33|34]
cx
o
b
f = [0|1|2|3|4|5|6|7|9:16|17:24|25:32|33|34]

As
n=8 g
1 2;
3;
3 4 5;
4 5;
5 6;
7;
7.
f = [2,3|0,1,4,5,6,7]

n=8 g
1 3 4;
2 5;
3 6;
7;
5 7;
6;
7.

n=10 g
1 4 5;
2 6;
3 7;
4 8;
9;
7 8;
8 9;
9.

$=1 As
n=16 g
2 4;
3 8;
4;
14;
6 8;
7 12;
8;
;
10 12;
11 16;
12;
;
14 16;
15;
16.

n=12 g
1 2;
2;
;
4 6;
5;
6;
;
8 11;
9;
10;
11;
;
